CPU cores: 12
n_jobs | ThreadPool (s) | ProcessPool (s)
----------------------------------------
     1 |           0.75 |            0.75
     2 |           0.75 |            0.39
     3 |           0.77 |            0.27
     4 |           0.76 |            0.21
     5 |           0.78 |            0.18
     6 |           0.78 |            0.15
     7 |           0.78 |            0.17
     8 |           0.79 |            0.16
     9 |           0.79 |            0.15
    10 |           0.78 |            0.15
    11 |           0.78 |            0.14
    12 |           0.79 |            0.14
    13 |           0.79 |            0.16
    14 |           0.79 |            0.15
    15 |           0.79 |            0.15
    16 |           0.79 |            0.15
    17 |           0.80 |            0.15
    18 |           0.79 |            0.15
    19 |           0.81 |            0.16
    20 |           0.80 |            0.15
    21 |           0.79 |            0.15
    22 |           0.79 |            0.15
    23 |           0.79 |            0.16
    24 |           0.79 |            0.16